1495177500|68.8
1495177800|68.8
1495178100|68.6
1495178400|68.5
1495178700|68.3
1495179000|68.3
1495179300|68.1
1495179600|68.0
1495179900|68.1
1495180200|67.9
1495180500|67.7
1495180800|67.6
1495181100|67.5
1495181400|67.5
1495181700|67.5
1495182000|67.5
1495182300|67.6
1495182600|67.5
1495182900|67.6
1495183200|67.6
1495183500|67.6
1495183800|67.5
1495184100|67.3
1495184400|67.2
1495184700|67.0
1495185000|66.9
1495185300|66.8
1495185600|66.5
1495185900|66.3
1495186200|66.0
1495186500|65.9
1495186800|65.6
1495187100|65.6
1495187400|65.8
1495187700|66.0
1495188000|66.4
1495188300|66.4
1495188600|66.4
1495188900|66.6
1495189200|67.0
1495189500|67.5
1495189800|68.1
1495190100|68.4
1495190400|68.7
1495190700|69.3
1495191000|69.8
1495191300|70.1
1495191600|70.4
1495191900|70.8
1495192200|71.4
1495192500|71.7
1495192800|72.3
1495193100|72.6
1495193400|73.0
1495193700|73.2
1495194000|73.6
1495194300|74.0
1495194600|74.5
1495194900|75.0
1495195200|75.6
1495195500|76.2
1495195800|76.8
1495196100|77.0
1495196400|77.3
1495196700|77.6
1495197000|78.0
1495197300|78.2
1495197600|78.3
1495197900|78.6
1495198200|78.8
1495198500|79.1
1495198800|79.4
1495199100|79.4
1495199400|79.7
1495199700|79.7
1495200000|80.2
1495200300|80.2
1495200600|80.2
1495200900|80.1
1495201200|80.1
1495201500|80.3
1495201800|80.7
1495202100|80.9
1495202400|80.7
1495202700|81.5
1495203000|81.5
1495203300|81.7
1495203600|82.2
1495203900|82.0
1495204200|82.2
1495204500|82.2
1495204800|82.4
1495205100|82.8
1495205400|83.0
1495205700|82.8
1495206000|82.9
1495206300|83.4
1495206600|83.4
1495206900|83.4
1495207200|83.3
1495207500|83.0
1495207800|83.4
1495208100|84.1
1495208400|83.8
1495208700|84.2
1495209000|84.6
1495209300|84.5
1495209600|85.0
1495209900|85.2
1495210200|84.9
1495210500|84.0
1495210800|84.2
1495211100|85.0
1495211400|85.2
1495211700|85.2
1495212000|84.8
1495212300|84.6
1495212600|84.6
1495212900|84.7
1495213200|84.9
1495213500|85.1
1495213800|85.1
1495214100|84.3
1495214400|84.8
1495214700|84.7
1495215000|84.2
1495215300|84.4
1495215600|84.9
1495215900|84.7
1495216200|85.1
1495216500|84.7
1495216800|85.2
1495217100|86.0
1495217400|85.6
1495217700|85.5
1495218000|86.0
1495218300|85.3
1495218600|84.7
1495218900|84.1
1495219200|83.8
1495219500|83.7
1495219800|83.5
1495220100|83.4
1495220400|83.3
1495220700|82.7
1495221000|83.1
1495221300|82.7
1495221600|81.7
1495221900|81.1
1495222200|81.0
1495222500|80.0
1495222800|80.4
1495223100|79.8
1495223400|79.6
1495223700|79.3
1495224000|78.1
1495224300|78.1
1495224600|78.1
1495224900|78.2
1495225200|77.8
1495225500|77.4
1495225800|77.2
1495226100|76.8
1495226400|77.1
1495226700|76.5
1495227000|76.0
1495227300|76.0
1495227600|76.1
1495227900|75.3
1495228200|74.9
1495228500|74.8
1495228800|75.0
1495229100|75.0
1495229400|74.6
1495229700|74.2
1495230000|74.4
1495230300|74.1
1495230600|74.2
1495230900|74.0
1495231200|73.4
1495231500|73.8
1495231800|73.0
1495232100|72.5
1495232400|72.6
1495232700|72.8
1495233000|72.7
1495233300|72.3
1495233600|71.7
1495233900|71.6
1495234200|70.9
1495234500|70.4
1495234800|70.0
1495235100|69.8
1495235400|69.5
1495235700|68.8
1495236000|68.5
1495236300|68.2
1495236600|67.7
1495236900|67.1
1495237200|66.6
1495237500|65.9
1495237800|65.4
1495238100|65.2
1495238400|64.7
1495238700|64.3
1495239000|63.9
1495239300|63.8
1495239600|63.4
1495239900|63.0
1495240200|62.8
1495240500|62.5
1495240800|62.1
1495241100|61.9
1495241400|61.8
1495241700|61.4
1495242000|61.0
1495242300|60.8
1495242600|60.4
1495242900|60.0
1495243200|59.7
1495243500|59.5
1495243800|59.3
1495244100|59.0
1495244400|58.9
1495244700|58.6
1495245000|58.4
1495245300|58.2
1495245600|58.1
1495245900|57.9
1495246200|57.6
1495246500|57.4
1495246800|57.3
1495247100|57.2
1495247400|57.0
1495247700|56.7
1495248000|56.6
1495248300|56.4
1495248600|56.3
1495248900|56.2
1495249200|55.9
1495249500|55.7
1495249800|55.7
1495250100|55.6
1495250400|55.5
1495250700|55.1
1495251000|54.8
1495251300|54.8
1495251600|54.7
1495251900|54.5
1495252200|54.4
1495252500|54.3
1495252800|54.5
1495253100|54.6
1495253400|54.8
1495253700|54.9
1495254000|54.8
1495254300|54.8
1495254600|54.8
1495254900|54.7
1495255200|54.5
1495255500|54.3
1495255800|54.3
1495256100|54.0
1495256400|53.9
1495256700|53.9
1495257000|53.7
1495257300|53.5
1495257600|53.2
1495257900|53.2
1495258200|53.1
1495258500|52.8
1495258800|52.5
1495259100|52.5
1495259400|52.4
1495259700|52.3
1495260000|52.3
1495260300|52.5
1495260600|52.3
1495260900|52.1
1495261200|51.7
1495261500|51.6
1495261800|51.6
1495262100|51.5
1495262400|51.6
1495262700|51.3
1495263000|51.0
1495263300|50.8
1495263600|50.3
1495263900|50.2
1495264200|50.6
1495264500|50.6
1495264800|50.5
1495265100|50.3
1495265400|49.7
1495265700|49.4
1495266000|49.0
1495266300|48.5
1495266600|48.2
1495266900|48.2
1495267200|48.2
1495267500|48.1
1495267800|48.3
1495268100|48.4
1495268400|48.9
1495268700|49.2
1495269000|49.2
1495269300|48.9
1495269600|48.8
1495269900|48.4
1495270200|48.6
1495270500|48.7
1495270800|48.6
1495271100|48.4
1495271400|48.1
1495271700|47.8
1495272000|47.4
1495272300|46.9
1495272600|46.6
1495272900|46.3
1495273200|45.9
1495273500|45.9
1495273800|46.2
1495274100|47.1
1495274400|48.5
1495274700|49.3
1495275000|49.7
1495275300|50.2
1495275600|50.7
1495275900|51.1
1495276200|51.7
1495276500|52.0
1495276800|52.3
1495277100|52.6
1495277400|52.9
1495277700|53.1
1495278000|53.5
1495278300|53.8
1495278600|54.2
1495278900|54.5
1495279200|54.8
1495279500|54.9
1495279800|55.0
1495280100|54.9
1495280400|54.7
1495280700|54.9
1495281000|55.3
1495281300|55.6
1495281600|55.3
1495281900|55.6
1495282200|55.6
1495282500|55.8
1495282800|56.1
1495283100|56.8
1495283400|56.6
1495283700|57.3
1495284000|57.7
1495284300|57.7
1495284600|57.6
1495284900|57.8
1495285200|57.3
1495285500|58.3
1495285800|57.5
1495286100|57.5
1495286400|57.9
1495286700|58.2
1495287000|58.6
1495287300|58.5
1495287600|58.4
1495287900|58.2
1495288200|59.0
1495288500|59.2
1495288800|58.7
1495289100|59.2
1495289400|59.9
1495289700|60.4
1495290000|60.4
1495290300|59.8
1495290600|59.5
1495290900|59.9
1495291200|60.4
1495291500|60.4
1495291800|60.6
1495292100|61.0
1495292400|60.8
1495292700|62.0
1495293000|62.6
1495293300|62.2
1495293600|61.4
1495293900|61.5
1495294200|62.0
1495294500|63.0
1495294800|63.0
1495295100|63.4
1495295400|63.3
1495295700|63.6
1495296000|63.7
1495296300|64.3
1495296600|65.0
1495296900|64.9
1495297200|64.7
1495297500|65.2
1495297800|65.3
1495298100|65.3
1495298400|64.7
1495298700|64.7
1495299000|65.6
1495299300|66.2
1495299600|66.2
1495299900|67.5
1495300200|68.3
1495300500|67.8
1495300800|66.8
1495301100|65.3
1495301400|65.4
1495301700|65.4
1495302000|65.6
1495302300|65.8
1495302600|65.1
1495302900|65.0
1495303200|64.8
1495303500|64.6
1495303800|64.7
1495304100|63.8
1495304400|64.6
1495304700|64.6
1495305000|64.6
1495305300|65.1
1495305600|65.2
1495305900|65.3
1495306200|64.8
1495306500|65.0
1495306800|65.1
1495307100|65.0
1495307400|64.7
1495307700|64.8
1495308000|65.3
1495308300|65.8
1495308600|65.7
1495308900|66.7
1495309200|66.8
1495309500|65.8
1495309800|66.1
1495310100|65.9
1495310400|65.9
1495310700|65.0
1495311000|65.8
1495311300|66.4
1495311600|65.6
1495311900|66.5
1495312200|66.3
1495312500|66.4
1495312800|66.7
1495313100|66.9
1495313400|66.4
1495313700|66.8
1495314000|66.3
1495314300|66.0
1495314600|66.0
1495314900|65.8
1495315200|65.2
1495315500|64.8
1495315800|64.5
1495316100|63.3
1495316400|63.2
1495316700|63.2
1495317000|63.0
1495317300|62.2
1495317600|61.6
1495317900|62.3
1495318200|62.7
1495318500|62.6
1495318800|62.9
1495319100|63.0
1495319400|62.6
1495319700|62.6
1495320000|62.6
1495320300|62.9
1495320600|63.2
1495320900|63.3
1495321200|63.3
1495321500|63.1
1495321800|63.3
1495322100|63.6
1495322400|62.9
1495322700|62.8
1495323000|62.2
1495323300|61.9
1495323600|60.9
1495323900|60.0
1495324200|58.8
1495324500|57.9
1495324800|57.1
1495325100|56.2
1495325400|55.7
1495325700|54.7
1495326000|54.1
1495326300|53.5
1495326600|53.6
1495326900|53.4
1495327200|52.8
1495327500|51.8
1495327800|51.3
1495328100|50.9
1495328400|50.7
1495328700|50.2
1495329000|49.5
1495329300|48.9
1495329600|48.5
1495329900|48.4
1495330200|48.1
1495330500|47.9
1495330800|48.0
1495331100|47.6
1495331400|47.3
1495331700|46.9
1495332000|46.9
1495332300|46.6
1495332600|46.3
1495332900|46.3
1495333200|46.1
1495333500|45.9
1495333800|45.6
1495334100|45.7
1495334400|46.0
1495334700|45.9
1495335000|45.7
1495335300|45.5
1495335600|45.2
1495335900|45.0
1495336200|45.0
1495336500|45.0
1495336800|45.0
1495337100|44.9
1495337400|44.7
1495337700|44.6
1495338000|44.4
1495338300|44.1
1495338600|44.0
1495338900|43.7
1495339200|43.5
1495339500|43.3
1495339800|43.1
1495340100|43.1
1495340400|43.1
1495340700|43.3
1495341000|43.3
1495341300|43.3
1495341600|43.3
1495341900|43.4
1495342200|43.4
1495342500|43.4
1495342800|43.2
1495343100|43.1
1495343400|43.1
1495343700|43.2
1495344000|43.1
1495344300|43.0
1495344600|43.0
1495344900|43.0
1495345200|43.0
1495345500|43.4
1495345800|44.3
1495346100|44.6
1495346400|44.5
1495346700|44.6
1495347000|44.8
1495347300|44.3
1495347600|44.2
1495347900|44.2
1495348200|43.8
1495348500|43.4
1495348800|43.5
1495349100|43.3
1495349400|43.1
1495349700|43.0
1495350000|42.7
1495350300|42.5
1495350600|42.3
1495350900|42.2
1495351200|42.0
1495351500|41.8
1495351800|41.6
1495352100|41.5
1495352400|41.3
1495352700|41.3
1495353000|41.4
1495353300|41.3
1495353600|41.3
1495353900|41.2
1495354200|41.3
1495354500|41.3
1495354800|41.1
1495355100|40.9
1495355400|40.8
1495355700|40.6
1495356000|40.6
1495356300|40.4
1495356600|40.3
1495356900|40.3
1495357200|40.4
1495357500|40.3
1495357800|40.2
1495358100|40.2
1495358400|40.2
1495358700|40.0
1495359000|40.1
1495359300|40.0
1495359600|40.0
1495359900|40.2
1495360200|40.8
1495360500|41.7
1495360800|42.3
1495361100|42.8
1495361400|43.2
1495361700|43.6
1495362000|44.1
1495362300|44.6
1495362600|45.0
1495362900|45.3
1495363200|45.8
1495363500|46.7
1495363800|47.1
1495364100|47.7
1495364400|48.5
1495364700|48.9
1495365000|49.9
1495365300|50.4
1495365600|50.9
1495365900|51.7
1495366200|51.9
1495366500|52.9
1495366800|53.0
1495367100|53.8
1495367400|54.4
1495367700|54.6
1495368000|55.2
1495368300|55.3
1495368600|56.0
1495368900|56.3
1495369200|56.6
1495369500|57.2
1495369800|57.6
1495370100|58.3
1495370400|58.7
1495370700|59.7
1495371000|60.1
1495371300|59.9
1495371600|59.6
1495371900|60.1
1495372200|60.3
1495372500|60.3
1495372800|61.1
1495373100|61.0
1495373400|61.3
1495373700|62.0
1495374000|61.8
1495374300|62.3
1495374600|62.6
1495374900|62.5
1495375200|63.3
1495375500|63.3
1495375800|63.5
1495376100|62.8
1495376400|63.3
1495376700|63.7
1495377000|63.9
1495377300|64.1
1495377600|64.2
1495377900|63.9
1495378200|63.6
1495378500|63.5
1495378800|63.9
1495379100|64.1
1495379400|64.2
1495379700|64.5
1495380000|64.8
1495380300|65.5
1495380600|64.9
1495380900|65.2
1495381200|64.9
1495381500|64.6
1495381800|65.4
1495382100|65.7
1495382400|65.3
1495382700|66.0
1495383000|66.4
1495383300|66.6
1495383600|66.4
1495383900|66.5
1495384200|66.3
1495384500|66.5
1495384800|66.1
1495385100|66.3
1495385400|65.7
1495385700|66.6
1495386000|66.9
1495386300|66.4
1495386600|65.6
1495386900|65.5
1495387200|65.5
1495387500|65.4
1495387800|65.6
1495388100|65.1
1495388400|64.7
1495388700|63.7
1495389000|64.6
1495389300|65.8
1495389600|65.2
1495389900|65.3
1495390200|65.4
1495390500|65.3
1495390800|65.8
1495391100|66.0
1495391400|65.6
1495391700|64.9
1495392000|64.9
1495392300|65.2
1495392600|65.4
1495392900|65.8
1495393200|66.2
1495393500|65.7
1495393800|65.7
1495394100|65.8
1495394400|66.3
1495394700|65.5
1495395000|66.1
1495395300|66.0
1495395600|66.3
1495395900|66.5
1495396200|66.3
1495396500|65.5
1495396800|65.1
1495397100|64.7
1495397400|64.4
1495397700|64.2
1495398000|64.2
1495398300|64.1
1495398600|63.9
1495398900|63.8
1495399200|64.0
1495399500|63.8
1495399800|64.1
1495400100|64.1
1495400400|64.2
1495400700|64.1
1495401000|64.3
1495401300|64.5
1495401600|64.5
1495401900|64.6
1495402200|64.2
1495402500|63.7
1495402800|63.6
1495403100|63.6
1495403400|63.7
1495403700|63.9
1495404000|63.9
1495404300|63.5
1495404600|63.2
1495404900|62.9
1495405200|62.5
1495405500|62.2
1495405800|61.9
1495406100|61.5
1495406400|61.3
1495406700|60.8
1495407000|60.4
1495407300|60.2
1495407600|59.9
1495407900|59.6
1495408200|59.4
1495408500|59.1
1495408800|58.8
1495409100|58.6
1495409400|58.3
1495409700|57.9
1495410000|57.6
1495410300|57.4
1495410600|57.2
1495410900|57.0
1495411200|56.7
1495411500|56.5
1495411800|56.3
1495412100|56.0
1495412400|55.7
1495412700|55.5
1495413000|55.3
1495413300|55.1
1495413600|55.1
1495413900|55.0
1495414200|55.0
1495414500|55.1
1495414800|55.3
1495415100|55.4
1495415400|55.5
1495415700|55.6
1495416000|55.7
1495416300|56.0
1495416600|56.1
1495416900|56.1
1495417200|56.0
1495417500|55.9
1495417800|55.9
1495418100|55.9
1495418400|55.9
1495418700|55.9
1495419000|56.0
1495419300|55.9
1495419600|55.9
1495419900|55.9
1495420200|56.0
1495420500|56.1
1495420800|56.0
1495421100|55.9
1495421400|55.8
1495421700|55.7
1495422000|55.5
1495422300|55.2
1495422600|54.9
1495422900|54.6
1495423200|54.2
1495423500|54.1
1495423800|54.2
1495424100|54.1
1495424400|53.7
1495424700|53.2
1495425000|53.2
1495425300|53.2
1495425600|53.1
1495425900|53.2
1495426200|53.2
1495426500|53.4
1495426800|53.6
1495427100|53.5
1495427400|53.4
1495427700|53.4
1495428000|53.3
1495428300|52.7
1495428600|52.2
1495428900|51.8
1495429200|51.6
1495429500|51.3
1495429800|51.2
1495430100|51.1
1495430400|51.1
1495430700|51.1
1495431000|51.0
1495431300|50.8
1495431600|50.7
1495431900|50.7
1495432200|50.6
1495432500|50.7
1495432800|51.0
1495433100|51.0
1495433400|51.0
1495433700|50.8
1495434000|50.5
1495434300|50.4
1495434600|50.3
1495434900|50.2
1495435200|50.1
1495435500|50.1
1495435800|50.1
1495436100|50.1
1495436400|50.0
1495436700|50.0
1495437000|50.0
1495437300|50.0
1495437600|50.0
1495437900|50.1
1495438200|50.1
1495438500|50.2
1495438800|50.2
1495439100|50.2
1495439400|50.3
1495439700|50.3
1495440000|50.3
1495440300|50.3
1495440600|50.3
1495440900|50.3
1495441200|50.3
1495441500|50.3
1495441800|50.3
1495442100|50.3
1495442400|50.3
1495442700|50.3
1495443000|50.3
1495443300|50.3
1495443600|50.4
1495443900|50.4
1495444200|50.3
1495444500|50.4
1495444800|50.5
1495445100|50.5
1495445400|50.4
1495445700|50.4
1495446000|50.4
1495446300|50.4
1495446600|50.4
1495446900|50.4
1495447200|50.4
1495447500|50.5
1495447800|50.5
1495448100|50.6
1495448400|50.6
1495448700|50.6
1495449000|50.6
1495449300|50.6
1495449600|50.6
1495449900|50.8
1495450200|50.8
1495450500|50.8
1495450800|50.6
1495451100|50.7
1495451400|50.6
1495451700|50.3
1495452000|50.3
1495452300|50.2
1495452600|50.2
1495452900|50.0
1495453200|50.0
1495453500|50.1
1495453800|50.3
1495454100|50.4
1495454400|50.4
1495454700|50.4
1495455000|50.4
1495455300|50.2
1495455600|50.0
1495455900|49.9
1495456200|49.7
1495456500|49.9
1495456800|50.1
1495457100|50.4
1495457400|50.5
1495457700|50.7
1495458000|50.8
1495458300|50.9
1495458600|51.3
1495458900|51.7
1495459200|52.0
1495459500|52.5
1495459800|52.8
1495460100|53.2
1495460400|53.5
1495460700|53.5
1495461000|53.7
1495461300|53.9
1495461600|54.2
1495461900|54.2
1495462200|54.2
1495462500|54.2
1495462800|54.3
1495463100|54.3
1495463400|54.1
1495463700|54.5
1495464000|54.4
1495464300|54.1
1495464600|54.2
1495464900|54.3
1495465200|54.7
1495465500|54.8
1495465800|55.1
1495466100|55.4
1495466400|55.2
1495466700|54.9
1495467000|55.0
1495467300|55.1
1495467600|55.4
1495467900|55.4
1495468200|55.4
1495468500|55.6
1495468800|55.8
1495469100|55.9
1495469400|56.3
1495469700|56.3
1495470000|56.3
1495470300|56.7
1495470600|56.8
1495470900|56.8
1495471200|56.6
1495471500|56.5
1495471800|57.1
1495472100|57.3
1495472400|57.6
1495472700|57.2
1495473000|56.7
1495473300|56.2
1495473600|56.2
1495473900|56.2
1495474200|56.1
1495474500|56.0
1495474800|55.3
1495475100|55.1
1495475400|54.6
1495475700|54.3
1495476000|54.0
1495476300|53.5
1495476600|52.9
1495476900|52.6
1495477200|53.0
1495477500|53.4
1495477800|53.8
1495478100|53.4
1495478400|53.4
1495478700|53.1
1495479000|52.5
1495479300|52.2
1495479600|51.6
1495479900|51.5
1495480200|51.3
1495480500|51.3
1495480800|51.0
1495481100|50.7
1495481400|50.4
1495481700|49.9
1495482000|49.7
1495482300|49.2
1495482600|49.0
1495482900|48.7
1495483200|48.6
1495483500|48.5
1495483800|48.5
1495484100|48.4
1495484400|48.4
1495484700|48.5
1495485000|48.5
1495485300|48.6
1495485600|48.7
1495485900|48.7
1495486200|48.9
1495486500|49.0
1495486800|49.1
1495487100|49.2
1495487400|49.3
1495487700|49.4
1495488000|49.3
1495488300|49.3
1495488600|49.3
1495488900|49.2
1495489200|49.1
1495489500|49.1
1495489800|49.1
1495490100|49.0
1495490400|48.9
1495490700|48.9
1495491000|48.8
1495491300|48.8
1495491600|48.8
1495491900|48.8
1495492200|48.7
1495492500|48.7
1495492800|48.6
1495493100|48.5
1495493400|48.4
1495493700|48.3
1495494000|48.2
1495494300|48.1
1495494600|48.0
1495494900|47.9
1495495200|47.8
1495495500|47.9
1495495800|47.9
1495496100|47.9
1495496400|47.9
1495496700|47.9
1495497000|47.9
1495497300|48.0
1495497600|48.0
1495497900|48.0
1495498200|48.1
1495498500|48.1
1495498800|48.2
1495499100|48.2
1495499400|48.3
1495499700|48.4
1495500000|48.5
1495500300|48.6
1495500600|48.7
1495500900|48.8
1495501200|48.9
1495501500|49.1
1495501800|49.2
1495502100|49.3
1495502400|49.5
1495502700|49.6
1495503000|49.7
1495503300|49.7
1495503600|49.7
1495503900|49.7
1495504200|49.9
1495504500|50.0
1495504800|50.1
1495505100|50.1
1495505400|50.1
1495505700|50.2
1495506000|50.2
1495506300|50.2
1495506600|50.2
1495506900|50.2
1495507200|50.2
1495507500|50.3
1495507800|50.3
1495508100|50.2
1495508400|50.2
1495508700|50.1
1495509000|50.2
1495509300|50.2
1495509600|50.2
1495509900|50.2
1495510200|50.3
1495510500|50.3
1495510800|50.4
1495511100|50.4
1495511400|50.3
1495511700|50.3
1495512000|50.3
1495512300|50.3
1495512600|50.3
1495512900|50.2
1495513200|50.2
1495513500|50.2
1495513800|50.2
1495514100|50.2
1495514400|50.3
1495514700|50.3
1495515000|50.3
1495515300|50.3
1495515600|50.3
1495515900|50.3
1495516200|50.3
1495516500|50.3
1495516800|50.3
1495517100|50.3
1495517400|50.3
1495517700|50.3
1495518000|50.3
1495518300|50.3
1495518600|50.4
1495518900|50.3
1495519200|50.3
1495519500|50.2
1495519800|50.2
1495520100|50.3
1495520400|50.2
1495520700|50.2
1495521000|50.2
1495521300|50.2
1495521600|50.2
1495521900|50.2
1495522200|50.3
1495522500|50.3
1495522800|50.3
1495523100|50.3
1495523400|50.4
1495523700|50.4
1495524000|50.4
1495524300|50.4
1495524600|50.4
1495524900|50.4
1495525200|50.4
1495525500|50.3
1495525800|50.2
1495526100|50.1
1495526400|50.0
1495526700|49.9
1495527000|49.8
1495527300|49.7
1495527600|49.7
1495527900|49.6
1495528200|49.5
1495528500|49.5
1495528800|49.4
1495529100|49.3
1495529400|49.3
1495529700|49.1
1495530000|49.0
1495530300|48.8
1495530600|48.6
1495530900|48.4
1495531200|48.4
1495531500|48.4
1495531800|48.4
1495532100|48.5
1495532400|48.6
1495532700|48.6
1495533000|48.6
1495533300|48.7
1495533600|48.7
1495533900|48.7
1495534200|48.7
1495534500|48.8
1495534800|48.7
1495535100|48.9
1495535400|48.9
1495535700|49.0
1495536000|49.1
1495536300|49.0
1495536600|49.1
1495536900|49.2
1495537200|49.2
1495537500|49.3
1495537800|49.2
1495538100|49.3
1495538400|49.4
1495538700|49.5
1495539000|49.6
1495539300|49.5
1495539600|49.7
1495539900|49.9
1495540200|50.1
1495540500|50.3
1495540800|50.4
1495541100|50.5
1495541400|50.7
1495541700|51.0
1495542000|51.1
1495542300|51.2
1495542600|51.6
1495542900|51.7
1495543200|52.0
1495543500|52.2
1495543800|52.4
1495544100|52.6
1495544400|52.8
1495544700|53.1
1495545000|53.4
1495545300|53.7
1495545600|54.0
1495545900|54.5
1495546200|55.0
1495546500|55.8
1495546800|55.9
1495547100|56.2
1495547400|56.5
1495547700|57.1
1495548000|57.6
1495548300|57.5
1495548600|58.5
1495548900|59.4
1495549200|60.1
